2026-01-18 17:11:52.994 + setup_tmp_dir
2026-01-18 17:11:52.995 ++ readlink /tmp
2026-01-18 17:11:52.996 + [[ '' == \/\m\n\t\/\t\m\p ]]
2026-01-18 17:11:52.997 ++ readlink /mnt/tmp
2026-01-18 17:11:52.998 + [[ '' == \/\t\m\p ]]
2026-01-18 17:11:53.000 ++ findmnt -rno TARGET /tmp
2026-01-18 17:11:53.001 + [[ -n '' ]]
2026-01-18 17:11:53.002 + [[ -e /mnt/tmp ]]
2026-01-18 17:11:53.003 + move_to_ephemeral /tmp
2026-01-18 17:11:53.004 + echo 'Moving directory to ephemeral: /tmp'
2026-01-18 17:11:53.006 Moving directory to ephemeral: /tmp
2026-01-18 17:11:53.007 + ls -l /tmp
2026-01-18 17:11:53.008 total 0
2026-01-18 17:11:53.009 drwxr-xr-x. 2 root root  6 Jan 18 17:11 hsperfdata_root
2026-01-18 17:11:53.010 drwx------. 3 root root 17 Jan 18 17:11 systemd-private-00bb3855991f445d907b1205a9efe23a-dbus-broker.service-jK0nMw
2026-01-18 17:11:53.011 drwx------. 3 root root 17 Jan 18 17:11 systemd-private-00bb3855991f445d907b1205a9efe23a-policy-routes@ens5.service-ic2GRO
2026-01-18 17:11:53.012 drwx------. 3 root root 17 Jan 18 17:11 systemd-private-00bb3855991f445d907b1205a9efe23a-polkit.service-RVRrPG
2026-01-18 17:11:53.013 drwx------. 3 root root 17 Jan 18 17:11 systemd-private-00bb3855991f445d907b1205a9efe23a-rtkit-daemon.service-ApGkf8
2026-01-18 17:11:53.014 drwx------. 3 root root 17 Jan 18 17:11 systemd-private-00bb3855991f445d907b1205a9efe23a-systemd-logind.service-Z3kiMR
2026-01-18 17:11:53.016 drwx------. 3 root root 17 Jan 18 17:11 systemd-private-00bb3855991f445d907b1205a9efe23a-systemd-resolved.service-rAj3Vc
2026-01-18 17:11:53.017 drwx------. 3 root root 17 Jan 18 17:11 systemd-private-00bb3855991f445d907b1205a9efe23a-upower.service-nNxtJw
2026-01-18 17:11:53.018 + du -c /tmp
2026-01-18 17:11:53.019 0	/tmp/.X11-unix
2026-01-18 17:11:53.020 0	/tmp/.ICE-unix
2026-01-18 17:11:53.021 0	/tmp/.XIM-unix
2026-01-18 17:11:53.022 0	/tmp/.font-unix
2026-01-18 17:11:53.023 0	/tmp/systemd-private-00bb3855991f445d907b1205a9efe23a-systemd-resolved.service-rAj3Vc/tmp
2026-01-18 17:11:53.024 0	/tmp/systemd-private-00bb3855991f445d907b1205a9efe23a-systemd-resolved.service-rAj3Vc
2026-01-18 17:11:53.025 0	/tmp/systemd-private-00bb3855991f445d907b1205a9efe23a-dbus-broker.service-jK0nMw/tmp
2026-01-18 17:11:53.026 0	/tmp/systemd-private-00bb3855991f445d907b1205a9efe23a-dbus-broker.service-jK0nMw
2026-01-18 17:11:53.027 0	/tmp/systemd-private-00bb3855991f445d907b1205a9efe23a-policy-routes@ens5.service-ic2GRO/tmp
2026-01-18 17:11:53.029 0	/tmp/systemd-private-00bb3855991f445d907b1205a9efe23a-policy-routes@ens5.service-ic2GRO
2026-01-18 17:11:53.030 0	/tmp/systemd-private-00bb3855991f445d907b1205a9efe23a-rtkit-daemon.service-ApGkf8/tmp
2026-01-18 17:11:53.031 0	/tmp/systemd-private-00bb3855991f445d907b1205a9efe23a-rtkit-daemon.service-ApGkf8
2026-01-18 17:11:53.032 0	/tmp/systemd-private-00bb3855991f445d907b1205a9efe23a-systemd-logind.service-Z3kiMR/tmp
2026-01-18 17:11:53.033 0	/tmp/systemd-private-00bb3855991f445d907b1205a9efe23a-systemd-logind.service-Z3kiMR
2026-01-18 17:11:53.034 0	/tmp/systemd-private-00bb3855991f445d907b1205a9efe23a-upower.service-nNxtJw/tmp
2026-01-18 17:11:53.035 0	/tmp/systemd-private-00bb3855991f445d907b1205a9efe23a-upower.service-nNxtJw
2026-01-18 17:11:53.036 0	/tmp/systemd-private-00bb3855991f445d907b1205a9efe23a-polkit.service-RVRrPG/tmp
2026-01-18 17:11:53.037 0	/tmp/systemd-private-00bb3855991f445d907b1205a9efe23a-polkit.service-RVRrPG
2026-01-18 17:11:53.038 0	/tmp/hsperfdata_root
2026-01-18 17:11:53.039 16	/tmp
2026-01-18 17:11:53.041 16	total
2026-01-18 17:11:53.042 + lsof
2026-01-18 17:11:53.043 + awk '{print $9}'
2026-01-18 17:11:53.044 + grep '^/tmp'
2026-01-18 17:11:53.150 + true
2026-01-18 17:11:53.151 + mkdir -p /mnt/tmp
2026-01-18 17:11:53.153 + mv /tmp /tmp.old
2026-01-18 17:11:53.154 + ln -nsf /mnt/tmp -T /tmp
2026-01-18 17:11:53.155 + rsync -a /tmp.old/ /mnt/tmp
2026-01-18 17:11:53.258 + rm -Rf /tmp.old
2026-01-18 17:11:53.259 + echo 'Moved directory to ephemeral: /tmp'
2026-01-18 17:11:53.260 Moved directory to ephemeral: /tmp
2026-01-18 17:11:53.261 
2026-01-18 17:11:53.262 real	0m0.266s
2026-01-18 17:11:53.263 user	0m0.054s
2026-01-18 17:11:53.264 sys	0m0.046s
